$ 1 5.08957654723127e-8 0.575460267600573 50 5 43 5e-11
a 320 80 432 80 8 15 -15 1000000 -0.00002259147660577674 0 100000
g 320 96 320 128 0 0
155 480 80 528 80 0 0
w 432 80 480 80 0
R 480 112 432 112 1 2 614000 2.5 2.5 0 0.5
w 432 80 432 16 0
w 320 64 320 16 0
c 320 16 432 16 0 3.3e-9 -2.25917025205428 0.001
w 320 64 224 64 0
w 224 64 224 112 0
r 224 64 160 64 0 10000
R 160 64 128 64 0 0 40 2 0 0 0.5
r 160 112 224 112 0 36000
R 160 112 128 112 0 0 40 -10 0 0 0.5
159 224 0 160 0 0 20 10000000000
w 224 0 224 64 0
i 112 0 160 0 0 0.00135
R 112 0 80 0 0 0 40 5 0 0 0.5
r 160 0 160 -80 0 1000
g 160 -80 160 -96 0 0
w 192 -16 192 -48 0
w 192 -48 608 -48 0
w 608 -48 608 80 0
w 608 80 576 80 0
368 608 80 656 80 0 0
368 432 16 464 16 0 0
o 4 1 0 4106 5 0.1 0 2 4 3
o 24 1 0 4106 5 0.1 0 2 24 3
o 25 4 0 12298 2.7257663409146553 0.0001 1 2 25 3
38 11 F1 0 -2 2 -1 Voltage
